22
97
44
37
163
220
49
95
253
133
226
109
183
227
189
145
116
249
178
46
72
65
18
161
217
49
103
90
115
158
69
198
154
219
150
238
76
157
186
219
239
201
55
108
45
56
13
171
241
247
27
2
63
155
101
178
94
109
94
74
81
231
111
20
114
212
89
164
1
147
66
202
62
141
30
72
120
130
214
254
28
156
227
90
76
236
151
119
13
1
113
70
249
43
22
215
177
251
229
82
200
127
243
163
141
72
222
199
35
58
15
149
12
94
32
120
143
8
127
15
81
127
150
1
224
155
78
23
251
208
111
30
107
204
205
152
130
209
114
162
213
2
91
222
96
75
196
35
102
117
145
155
96
4
110
87
25
50
201
168
127
62
113
30
154
190
150
161
77
79
15
219
150
139
100
201
29
200
111
106
102
19
193
94
117
227
33
17
201
64
95
195
203
223
170
40
250
94
129
236
26
242
153
61
1
111
171
27
115
30
161
5
105
4
250
219
67
2
153
217
47
26
228
243
86
239
38
160
243
238
107
90
46
69
89
232
0
163
65
117
189
178
54
160
95
145
103
245
202
6
57
146
144
225
204
140
229
18
5
131
31
11
255
2
28
138
107
95
108
186
9
167
116
68
77
190
63
27
200
76
44
93
193
115
97
109
111
69
40
204
76
228
150
4
9
63
40
42
13
53
122
75
246
108
151
57
89
145
189
124
238
80
177
60
248
145
222
66
219
141
250
251
132
205
120
68
145
17
140
240
27
149
250
118
237
125
242
91
241
114
73
78
165
43
14
74
250
100
186
240
80
118
163
58
59
79
80
8
179
221
23
255
200
40
23
20
139
4
172
127
125
42
86
18
177
160
234
107
111
247
231
123
125
140
12
102
206
207
254
21
108
6
44
54
167
65
173
57
226
64
3
199
2
209
69
28
122
126
20
121
193
141
43
163
196
102
7
49
159
99
65
50
201
45
57
128
71
152
78
2
238
148
78
127
40
225
107
97
102
48
49
228
183
191
197
229
1
136
197
91
28
195
146
